0.000000 9.606739 -7.169133 0.000000 26.440886 0.000000 100.000000 100.000000 100.000000
-1.621246 8.999745 -20.308297 0.000000 0.000000 0.000000 100.000000 100.000000 100.000000
2.056449 12.738030 2.698908 0.000000 0.000000 0.000000 100.000000 100.000000 100.000000
1.650575 13.813024 2.761047 0.000000 16.261706 0.000000 100.000000 100.000000 100.000000
0.000000 -2.902350 -0.972946 0.000000 0.000000 0.000000 111.084672 111.084672 111.084672
-1.090661 -2.743524 1.405740 0.000000 19.819898 0.000000 110.000000 110.000000 110.000000
1.171533 -0.399330 -3.792645 0.000000 18.786726 0.000000 110.000000 110.000000 110.000000
2.821855 2.724966 -8.887113 0.000000 0.000000 0.000000 110.000000 110.000000 110.000000
-3.732995 4.188805 -2.203206 0.000000 0.000000 0.000000 110.000000 110.000000 110.000000
-2.279427 12.810071 -5.494206 0.000000 -9.437968 0.000000 103.070788 103.070788 103.070788
1.908361 6.840593 -5.842213 0.000000 0.000000 0.000000 106.643148 106.643148 106.643148
8.583060 0.000000 -8.762360 0.000000 0.000000 0.000000 110.000000 110.000000 110.000000
0.775436 0.000000 -11.290195 0.000000 3.094873 0.000000 110.000000 110.000000 110.000000
8.785404 -2.120978 -17.153204 0.000000 -14.839980 0.000000 110.000000 110.000000 110.000000
0.041120 -2.058746 -17.182573 0.000000 0.000000 -2.326100 110.000000 110.000000 110.000000
-7.045659 -0.315754 14.837444 -12.867432 -24.386633 -5.889225 110.000000 110.000000 110.000000
1.554998 -2.150730 -3.769483 0.000000 0.000000 0.000000 110.000000 110.000000 110.000000
11.234972 -4.952288 -1.114474 0.000000 0.000000 4.658932 110.000000 110.000000 110.000000
6.556082 -5.315551 0.000000 0.000000 20.236961 0.000000 110.000000 110.000000 110.000000
-1.000700 -0.216468 3.372727 0.000000 0.000000 0.000000 110.000000 110.000000 110.000000
1.542963 0.000000 -4.675126 0.000000 -20.185098 0.000000 110.000000 110.000000 110.000000
4.638476 -3.485698 -5.694262 0.000000 0.000000 0.000000 110.000000 110.000000 110.000000
