10.126119 11.009581 10.212626 -90.000000 -1.848644 0.000000 0.915648 0.915648 0.915648
8.501365 11.249418 5.747601 -90.000000 6.333787 0.000000 0.920812 0.920812 0.920812
5.116190 -3.721261 7.547009 -87.310917 -12.788754 1.953501 1.064495 1.064495 1.064495
-5.058350 1.094809 -4.552987 -90.000000 -26.049698 0.000000 1.053292 1.053292 1.053292
4.486876 4.310133 -1.593269 -90.130986 8.580965 2.019849 1.026135 1.026135 1.026135
4.405931 22.791996 1.364910 -90.000000 0.000000 0.000000 1.140712 1.140712 1.140712
-10.344128 5.878123 1.257241 -90.000000 1.555435 -7.421534 0.972716 0.972716 0.972716
4.011540 45.150033 6.597879 -89.890745 -2.315311 -0.898948 1.000000 1.000000 1.000000
3.261099 1.545475 1.390718 -90.000000 0.000000 0.000000 1.000000 1.000000 1.000000
5.980251 6.166657 -12.469029 -89.012540 -13.841732 0.057986 0.963899 0.963899 0.963899
10.146799 44.547588 8.215363 -92.356612 22.052866 -1.994681 1.000000 1.000000 1.000000
-4.359491 6.836398 6.837836 -90.060067 -1.208569 -0.853251 0.959692 0.959692 0.959692
7.104741 -1.928245 2.153499 -89.980584 2.664105 2.545924 1.000000 1.000000 1.000000
1.381799 2.587058 42.180774 -107.838240 1.719982 -2.266550 1.000000 1.000000 1.000000
-3.039659 6.614961 5.545543 -92.369656 -5.708052 -4.648143 0.906346 0.906346 0.906346
1.485968 6.169455 11.916811 -99.018429 0.000000 0.000000 0.948150 0.948150 0.948150
0.540323 57.542773 37.784692 -106.929199 -9.932457 2.039776 0.913252 0.913252 0.913252
3.397441 16.005999 8.692893 -91.513158 -0.176176 0.605055 0.896443 0.896443 0.896443
6.884199 39.950638 -12.930339 -85.157658 0.000000 0.000000 0.926462 0.926462 0.926462
-0.692591 5.621719 8.910710 -90.000000 0.000000 0.000000 0.967313 0.967313 0.967313
-5.869295 4.831686 0.000000 -89.792593 -0.905628 0.530038 0.959833 0.959833 0.959833
3.006347 44.375303 4.542464 -90.000000 -12.796013 0.000000 1.000000 1.000000 1.000000
5.452398 1.488631 -5.100152 -89.999979 7.262556 0.000000 0.964164 0.964164 0.964164
27.341269 69.622502 30.715540 -118.111046 14.078177 17.187672 1.000000 1.000000 1.000000
0.671900 23.995652 -4.787835 -90.000000 13.725696 0.000000 0.893413 0.893413 0.893413
-4.312863 7.891926 -4.367031 -90.555319 -0.454009 -5.487869 1.000000 1.000000 1.000000
-5.277313 7.236827 1.608708 -90.098702 -15.172025 -4.957407 1.000000 1.000000 1.000000
-4.603651 53.582566 13.891101 -90.000000 -0.244241 -9.152909 0.947986 0.947986 0.947986
-1.761986 15.145494 -3.982102 -90.000000 -2.477263 -3.018020 0.886768 0.886768 0.886768
9.896783 10.627802 7.784825 -90.000000 -6.755093 0.000000 0.933061 0.933061 0.933061
7.945280 15.613721 -0.062307 -90.000000 10.705648 0.000000 0.929906 0.929906 0.929906
10.350224 60.688322 21.664240 -96.931173 3.062358 4.910491 0.921306 0.921306 0.921306
-8.500759 12.710760 30.468462 -103.658504 -14.805322 1.822413 0.936473 0.936473 0.936473
-23.365537 16.425233 6.827653 -91.014950 4.661698 -12.297211 0.900545 0.900545 0.900545
3.926007 -1.563628 4.390478 -91.610887 -8.716483 0.191268 1.173043 1.173043 1.173043
1.078174 -14.380114 14.694770 -90.000000 -14.106940 0.000000 1.091131 1.091131 1.091131
-7.626914 -10.385530 -10.855405 -82.865096 -2.392411 -4.796759 1.073362 1.073362 1.073362
4.821010 -20.270420 -10.202445 -88.303383 2.704083 0.612505 1.140584 1.140584 1.140584
7.674044 10.181470 -8.388140 -90.172296 -7.566977 1.425200 1.000000 1.000000 1.000000
24.114626 12.391485 -3.043413 -92.385954 120.410196 6.803415 1.000000 1.000000 1.000000
-3.476577 44.827590 13.994346 -90.000000 -12.585864 0.000000 1.000000 1.000000 1.000000
4.286061 38.359613 34.973056 -102.027505 17.752613 -3.716891 1.185124 1.185124 1.185124
10.937105 21.986639 -9.805439 -86.335715 1.999443 -0.531860 1.244496 1.244496 1.244496
-3.479684 -11.907640 -2.664587 -90.000000 8.390966 -5.148396 1.148094 1.148094 1.148094
9.326030 33.466569 -3.211075 -90.000000 -29.683086 2.211286 1.167780 1.167780 1.167780
2.777428 40.845207 -6.324455 -90.000000 4.564044 0.000000 1.103703 1.103703 1.103703
-9.257365 -1.432073 0.221120 -90.000000 8.584573 0.000000 1.065228 1.065228 1.065228
2.143270 41.542878 -0.214189 -90.052482 -7.036396 0.054573 1.000000 1.000000 1.000000
1.145786 -7.860031 9.764657 -90.000000 6.447661 0.000000 1.109538 1.109538 1.109538
5.444118 31.627563 -20.683449 90.000000 -23.855898 -180.000000 1.226762 1.226762 1.226762
-5.804001 24.094992 26.078246 -90.000000 -18.044416 0.000000 1.105774 1.105774 1.105774
4.926228 -9.254824 -3.576184 -90.000000 -0.169327 0.000000 1.116958 1.116958 1.116958
16.103094 4.123850 3.084518 -90.000000 6.913223 7.979151 1.028433 1.028433 1.028433
4.864005 33.136546 -19.809103 -74.461385 20.410044 5.398363 1.133787 1.133787 1.133787
5.785047 43.023220 -20.351572 -75.326441 1.188792 0.311262 1.000000 1.000000 1.000000
-12.581269 28.763152 11.885395 -97.083340 2.609121 -9.535158 0.829172 0.829172 0.829172
-2.270657 50.447463 11.948990 -91.607516 -7.862599 -7.620620 0.951217 0.951217 0.951217
-11.050036 6.324145 9.739968 -92.020650 14.118639 -8.527012 0.960643 0.960643 0.960643
11.366189 53.784179 6.631273 -90.000000 -54.701237 -0.000000 0.865461 0.865461 0.865461
2.775515 18.413231 6.499296 -90.000000 -5.135671 0.000000 0.884648 0.884648 0.884648
8.650277 42.170488 11.059786 -89.109061 -5.319755 2.240166 0.952126 0.952126 0.952126
6.825359 48.056720 -2.031672 -95.198526 11.285851 2.950438 0.959626 0.959626 0.959626
0.637689 48.542310 10.304262 -90.000000 -12.094017 -0.000000 0.897885 0.897885 0.897885
-0.455555 20.741810 15.881545 -90.000000 -7.763643 0.000000 1.146547 1.146547 1.146547
3.649898 46.989437 16.185475 -90.000000 5.184334 0.000000 1.000000 1.000000 1.000000
4.284451 32.459873 7.113778 -90.000000 -4.509855 0.000000 1.165213 1.165213 1.165213
1.301674 45.071144 -6.485042 -90.000000 10.931187 0.000000 1.087271 1.087271 1.087271
1.252649 28.946924 14.734335 -86.782843 -4.268355 -1.828411 1.109518 1.109518 1.109518
7.550821 48.994212 26.824816 -107.338279 14.166744 3.195499 0.766795 0.766795 0.766795
-1.372377 16.931153 -5.983475 -90.084484 7.218476 3.970204 0.920908 0.920908 0.920908
8.838359 11.446217 25.303649 -100.625898 0.990219 3.117596 0.942751 0.942751 0.942751
-1.161363 63.910347 -9.335240 -89.185010 -11.876240 -2.209070 1.000000 1.000000 1.000000
-0.952444 12.516542 -15.909079 -90.000000 19.902704 0.000000 0.923815 0.923815 0.923815
-3.109424 -12.304159 3.711108 -90.979590 8.453152 -1.317604 1.297114 1.297114 1.297114
11.440222 1.713790 15.485524 -99.670088 9.147248 1.179598 1.067191 1.067191 1.067191
1.999845 -18.777425 3.642460 -90.000000 -0.970876 0.000000 1.171825 1.171825 1.171825
